# 965
index,content,likes
0,写日记!今天，今天很开心！而且今天很开心！ diary_id:0,114
1,写日记!今天，今天很开心！而且今天很开心！ diary_id:1,96
2,写日记!这里太好玩了！而且今天很开心！ diary_id:2,45
3,写日记!这里太好玩了！这里太好玩了！ diary_id:3,87
4,写日记!今天，今天很开心！而且今天很开心！ diary_id:4,36
5,这是一条日记这次旅行十分愉快！ diary_id:5,60
6,今天，我在这里玩到了心心念念的国产游戏‘元神’，要爽飞了！旅行十分愉快，这里太好玩了！ diary_id:6��的国产游戏‘元神’，要爽飞了！旅行十分�,36
7,今天，我在这里玩到了心心念念的国产游戏‘元神’，要爽飞了！这里太好玩了！ diary_id:7��玩到了心心念念的国产游戏‘元神’，要爽飞了！这里太好�,108
8,这是一条日记旅行十分愉快，这里太好玩了！ diary_id:8,48
9,写日记!今天，今天很开心！要爽飞了！ diary_id:9,117
10,这是一条日记旅行十分愉快，这里太好玩了！ diary_id:10,87
11,写日记!今天，今天很开心！这里太好玩了！ diary_id:11,42
12,写日记!这里太好玩了！这次旅行十分愉快！ diary_id:12,96
13,这是一条日记这里太好玩了！ diary_id:13,57
14,今天，我在这里玩到了心心念念的国产游戏‘元神’，要爽飞了！这里太好玩了！ diary_id:14�玩到了心心念念的国产游戏‘元神’，要爽飞了！这里太好�,0
15,这是一条日记这次旅行十分愉快！ diary_id:15,111
16,写日记!今天，今天很开心！旅行十分愉快，这里太好玩了！ diary_id:16,42
17,写日记!这里太好玩了！这里太好玩了！ diary_id:17,78
18,今天，我在这里玩到了心心念念的国产游戏‘元神’，要爽飞了！而且今天很开心！ diary_id:18�到了心心念念的国产游戏‘元神’，要爽飞了！而且今天�,69
19,写日记!今天，今天很开心！旅行十分愉快，这里太好玩了！ diary_id:19,51
20,写日记!今天，今天很开心！旅行十分愉快，这里太好玩了！ diary_id:20,99
21,写日记!这里太好玩了！旅行十分愉快，这里太好玩了！ diary_id:21,108
22,写日记!这里太好玩了！而且今天很开心！ diary_id:22,12
23,这是一条日记这次旅行十分愉快！ diary_id:23,75
24,写日记!今天，今天很开心！要爽飞了！ diary_id:24,30
25,这是一条日记而且今天很开心！ diary_id:25,45
26,写日记!这里太好玩了！旅行十分愉快，这里太好玩了！ diary_id:26,24
27,今天，我在这里玩到了心心念念的国产游戏‘元神’，要爽飞了！要爽飞了！ diary_id:27�这里玩到了心心念念的国产游戏‘元神’，要爽飞了！要爽飞了�,114
28,这是一条日记这里太好玩了！ diary_id:28,66
29,今天，我在这里玩到了心心念念的国产游戏‘元神’，要爽飞了！要爽飞了！ diary_id:29�这里玩到了心心念念的国产游戏‘元神’，要爽飞了！要爽飞了�,57
30,这是一条日记这次旅行十分愉快！ diary_id:30,63
31,写日记!今天，今天很开心！旅行十分愉快，这里太好玩了！ diary_id:31,24
32,这是一条日记这里太好玩了！ diary_id:32,21
33,写日记!今天，今天很开心！而且今天很开心！ diary_id:33,63
34,今天，我在这里玩到了心心念念的国产游戏‘元神’，要爽飞了！这次旅行十分愉快！ diary_id:34�了心心念念的国产游戏‘元神’，要爽飞了！这次旅行�,90
35,今天，我在这里玩到了心心念念的国产游戏‘元神’，要爽飞了！这里太好玩了！ diary_id:35�玩到了心心念念的国产游戏‘元神’，要爽飞了！这里太好�,36
36,写日记!这里太好玩了！这里太好玩了！ diary_id:36,24
37,写日记!今天，今天很开心！而且今天很开心！ diary_id:37,84
38,今天，我在这里玩到了心心念念的国产游戏‘元神’，要爽飞了！要爽飞了！ diary_id:38�这里玩到了心心念念的国产游戏‘元神’，要爽飞了！要爽飞了�,9
39,这是一条日记要爽飞了！ diary_id:39,114
40,写日记!这里太好玩了！这次旅行十分愉快！ diary_id:40,99
41,今天，我在这里玩到了心心念念的国产游戏‘元神’，要爽飞了！这次旅行十分愉快！ diary_id:41�了心心念念的国产游戏‘元神’，要爽飞了！这次旅行�,78
42,写日记!这里太好玩了！要爽飞了！ diary_id:42,27
43,今天，我在这里玩到了心心念念的国产游戏‘元神’，要爽飞了！旅行十分愉快，这里太好玩了！ diary_id:43�的国产游戏‘元神’，要爽飞了！旅行十分�,30
44,这是一条日记这次旅行十分愉快！ diary_id:44,48
45,这是一条日记这里太好玩了！ diary_id:45,87
46,这是一条日记这里太好玩了！ diary_id:46,99
47,写日记!这里太好玩了！而且今天很开心！ diary_id:47,48
48,这是一条日记旅行十分愉快，这里太好玩了！ diary_id:48,54
49,写日记!这里太好玩了！这次旅行十分愉快！ diary_id:49,87
50,这是一条日记而且今天很开心！ diary_id:50,72
51,这是一条日记要爽飞了！ diary_id:51,27
52,这是一条日记要爽飞了！ diary_id:52,96
53,这是一条日记要爽飞了！ diary_id:53,69
54,这是一条日记要爽飞了！ diary_id:54,72
55,写日记!今天，今天很开心！要爽飞了！ diary_id:55,108
56,这是一条日记而且今天很开心！ diary_id:56,87
57,今天，我在这里玩到了心心念念的国产游戏‘元神’，要爽飞了！要爽飞了！ diary_id:57�这里玩到了心心念念的国产游戏‘元神’，要爽飞了！要爽飞了�,57
58,这是一条日记旅行十分愉快，这里太好玩了！ diary_id:58,87
59,这是一条日记旅行十分愉快，这里太好玩了！ diary_id:59,111
60,这是一条日记而且今天很开心！ diary_id:60,21
61,今天，我在这里玩到了心心念念的国产游戏‘元神’，要爽飞了！这里太好玩了！ diary_id:61�玩到了心心念念的国产游戏‘元神’，要爽飞了！这里太好�,33
62,写日记!这里太好玩了！这次旅行十分愉快！ diary_id:62,105
63,写日记!这里太好玩了！这里太好玩了！ diary_id:63,96
64,写日记!今天，今天很开心！而且今天很开心！ diary_id:64,108
65,今天，我在这里玩到了心心念念的国产游戏‘元神’，要爽飞了！而且今天很开心！ diary_id:65�到了心心念念的国产游戏‘元神’，要爽飞了！而且今天�,63
66,写日记!今天，今天很开心！这次旅行十分愉快！ diary_id:66,18
67,今天，我在这里玩到了心心念念的国产游戏‘元神’，要爽飞了！旅行十分愉快，这里太好玩了！ diary_id:67�的国产游戏‘元神’，要爽飞了！旅行十分�,78
68,写日记!这里太好玩了！要爽飞了！ diary_id:68,24
69,今天，我在这里玩到了心心念念的国产游戏‘元神’，要爽飞了！而且今天很开心！ diary_id:69�到了心心念念的国产游戏‘元神’，要爽飞了！而且今天�,27
70,写日记!这里太好玩了！要爽飞了！ diary_id:70,54
71,写日记!这里太好玩了！这次旅行十分愉快！ diary_id:71,24
72,写日记!今天，今天很开心！旅行十分愉快，这里太好玩了！ diary_id:72,12
73,这是一条日记而且今天很开心！ diary_id:73,90
74,这是一条日记要爽飞了！ diary_id:74,60
75,写日记!今天，今天很开心！这次旅行十分愉快！ diary_id:75,105
76,这是一条日记这里太好玩了！ diary_id:76,27
77,这是一条日记要爽飞了！ diary_id:77,75
78,这是一条日记旅行十分愉快，这里太好玩了！ diary_id:78,51
79,今天，我在这里玩到了心心念念的国产游戏‘元神’，要爽飞了！旅行十分愉快，这里太好玩了！ diary_id:79�的国产游戏‘元神’，要爽飞了！旅行十分�,30
80,这是一条日记这里太好玩了！ diary_id:80,90
81,这是一条日记旅行十分愉快，这里太好玩了！ diary_id:81,45
82,今天，我在这里玩到了心心念念的国产游戏‘元神’，要爽飞了！旅行十分愉快，这里太好玩了！ diary_id:82�的国产游戏‘元神’，要爽飞了！旅行十分�,18
83,这是一条日记而且今天很开心！ diary_id:83,102
84,写日记!今天，今天很开心！而且今天很开心！ diary_id:84,42
85,写日记!今天，今天很开心！要爽飞了！ diary_id:85,108
86,写日记!这里太好玩了！要爽飞了！ diary_id:86,96
87,这是一条日记要爽飞了！ diary_id:87,12
88,这是一条日记这里太好玩了！ diary_id:88,114
89,写日记!今天，今天很开心！要爽飞了！ diary_id:89,12
90,今天，我在这里玩到了心心念念的国产游戏‘元神’，要爽飞了！旅行十分愉快，这里太好玩了！ diary_id:90�的国产游戏‘元神’，要爽飞了！旅行十分�,90
91,这是一条日记这次旅行十分愉快！ diary_id:91,39
92,这是一条日记这里太好玩了！ diary_id:92,90
93,这是一条日记而且今天很开心！ diary_id:93,102
94,写日记!这里太好玩了！要爽飞了！ diary_id:94,9
95,这是一条日记这里太好玩了！ diary_id:95,102
96,今天，我在这里玩到了心心念念的国产游戏‘元神’，要爽飞了！这里太好玩了！ diary_id:96�玩到了心心念念的国产游戏‘元神’，要爽飞了！这里太好�,111
97,写日记!今天，今天很开心！要爽飞了！ diary_id:97,93
98,这是一条日记这次旅行十分愉快！ diary_id:98,48
99,这是一条日记这次旅行十分愉快！ diary_id:99,15
100,这是一条日记这里太好玩了！ diary_id:100,30
101,写日记!今天，今天很开心！这次旅行十分愉快！ diary_id:101,36
102,今天，我在这里玩到了心心念念的国产游戏‘元神’，要爽飞了！要爽飞了！ diary_id:102这里玩到了心心念念的国产游戏‘元神’，要爽飞了！要爽飞了�,78
103,这是一条日记而且今天很开心！ diary_id:103,81
104,写日记!今天，今天很开心！要爽飞了！ diary_id:104,51
105,写日记!这里太好玩了！这里太好玩了！ diary_id:105,30
106,今天，我在这里玩到了心心念念的国产游戏‘元神’，要爽飞了！要爽飞了！ diary_id:106这里玩到了心心念念的国产游戏‘元神’，要爽飞了！要爽飞了�,48
107,这是一条日记旅行十分愉快，这里太好玩了！ diary_id:107,93
108,这是一条日记旅行十分愉快，这里太好玩了！ diary_id:108,81
109,这是一条日记旅行十分愉快，这里太好玩了！ diary_id:109,3
110,这是一条日记旅行十分愉快，这里太好玩了！ diary_id:110,0
111,写日记!这里太好玩了！要爽飞了！ diary_id:111,105
112,写日记!这里太好玩了！旅行十分愉快，这里太好玩了！ diary_id:112,30
113,写日记!今天，今天很开心！这次旅行十分愉快！ diary_id:113,45
114,今天，我在这里玩到了心心念念的国产游戏‘元神’，要爽飞了！这次旅行十分愉快！ diary_id:114了心心念念的国产游戏‘元神’，要爽飞了！这次旅行�,6
115,这是一条日记这里太好玩了！ diary_id:115,39
116,写日记!今天，今天很开心！这里太好玩了！ diary_id:116,105
117,这是一条日记这次旅行十分愉快！ diary_id:117,9
118,今天，我在这里玩到了心心念念的国产游戏‘元神’，要爽飞了！要爽飞了！ diary_id:118这里玩到了心心念念的国产游戏‘元神’，要爽飞了！要爽飞了�,63
119,写日记!这里太好玩了！旅行十分愉快，这里太好玩了！ diary_id:119,48
120,今天，我在这里玩到了心心念念的国产游戏‘元神’，要爽飞了！而且今天很开心！ diary_id:120到了心心念念的国产游戏‘元神’，要爽飞了！而且今天�,108
121,写日记!今天，今天很开心！要爽飞了！ diary_id:121,51
122,今天，我在这里玩到了心心念念的国产游戏‘元神’，要爽飞了！而且今天很开心！ diary_id:122到了心心念念的国产游戏‘元神’，要爽飞了！而且今天�,78
123,写日记!今天，今天很开心！旅行十分愉快，这里太好玩了！ diary_id:123,60
124,写日记!这里太好玩了！旅行十分愉快，这里太好玩了！ diary_id:124,27
125,写日记!今天，今天很开心！而且今天很开心！ diary_id:125,96
126,这是一条日记要爽飞了！ diary_id:126,90
127,写日记!这里太好玩了！这里太好玩了！ diary_id:127,72
128,写日记!今天，今天很开心！这次旅行十分愉快！ diary_id:128,6
129,这是一条日记而且今天很开心！ diary_id:129,81
130,这是一条日记要爽飞了！ diary_id:130,108
131,写日记!今天，今天很开心！这里太好玩了！ diary_id:131,114
132,写日记!这里太好玩了！这次旅行十分愉快！ diary_id:132,96
133,这是一条日记这次旅行十分愉快！ diary_id:133,60
134,这是一条日记要爽飞了！ diary_id:134,6
135,写日记!这里太好玩了！要爽飞了！ diary_id:135,90
136,写日记!今天，今天很开心！而且今天很开心！ diary_id:136,72
137,这是一条日记要爽飞了！ diary_id:137,114
138,写日记!今天，今天很开心！这里太好玩了！ diary_id:138,6
139,这是一条日记这次旅行十分愉快！ diary_id:139,45
140,写日记!今天，今天很开心！旅行十分愉快，这里太好玩了！ diary_id:140,66
141,这是一条日记要爽飞了！ diary_id:141,12
142,写日记!今天，今天很开心！这里太好玩了！ diary_id:142,15
143,这是一条日记旅行十分愉快，这里太好玩了！ diary_id:143,57
144,这是一条日记要爽飞了！ diary_id:144,18
145,写日记!今天，今天很开心！旅行十分愉快，这里太好玩了！ diary_id:145,111
146,这是一条日记旅行十分愉快，这里太好玩了！ diary_id:146,84
147,今天，我在这里玩到了心心念念的国产游戏‘元神’，要爽飞了！而且今天很开心！ diary_id:147到了心心念念的国产游戏‘元神’，要爽飞了！而且今天�,30
148,今天，我在这里玩到了心心念念的国产游戏‘元神’，要爽飞了！要爽飞了！ diary_id:148这里玩到了心心念念的国产游戏‘元神’，要爽飞了！要爽飞了�,93
149,写日记!这里太好玩了！旅行十分愉快，这里太好玩了！ diary_id:149,6
150,写日记!今天，今天很开心！要爽飞了！ diary_id:150,45
151,写日记!今天，今天很开心！这次旅行十分愉快！ diary_id:151,27
152,这是一条日记而且今天很开心！ diary_id:152,75
153,这是一条日记旅行十分愉快，这里太好玩了！ diary_id:153,105
154,今天，我在这里玩到了心心念念的国产游戏‘元神’，要爽飞了！这次旅行十分愉快！ diary_id:154了心心念念的国产游戏‘元神’，要爽飞了！这次旅行�,3
155,今天，我在这里玩到了心心念念的国产游戏‘元神’，要爽飞了！这里太好玩了！ diary_id:155玩到了心心念念的国产游戏‘元神’，要爽飞了！这里太好�,81
156,这是一条日记而且今天很开心！ diary_id:156,30
157,写日记!这里太好玩了！而且今天很开心！ diary_id:157,18
158,这是一条日记旅行十分愉快，这里太好玩了！ diary_id:158,105
159,写日记!今天，今天很开心！要爽飞了！ diary_id:159,96
160,写日记!今天，今天很开心！而且今天很开心！ diary_id:160,81
161,这是一条日记这里太好玩了！ diary_id:161,3
162,写日记!这里太好玩了！这次旅行十分愉快！ diary_id:162,99
163,今天，我在这里玩到了心心念念的国产游戏‘元神’，要爽飞了！旅行十分愉快，这里太好玩了！ diary_id:163的国产游戏‘元神’，要爽飞了！旅行十分�,12
164,今天，我在这里玩到了心心念念的国产游戏‘元神’，要爽飞了！这次旅行十分愉快！ diary_id:164了心心念念的国产游戏‘元神’，要爽飞了！这次旅行�,75
165,写日记!这里太好玩了！旅行十分愉快，这里太好玩了！ diary_id:165,51
166,这是一条日记这里太好玩了！ diary_id:166,57
167,今天，我在这里玩到了心心念念的国产游戏‘元神’，要爽飞了！这里太好玩了！ diary_id:167玩到了心心念念的国产游戏‘元神’，要爽飞了！这里太好�,81
168,写日记!这里太好玩了！这次旅行十分愉快！ diary_id:168,3
169,这是一条日记旅行十分愉快，这里太好玩了！ diary_id:169,33
170,今天，我在这里玩到了心心念念的国产游戏‘元神’，要爽飞了！这次旅行十分愉快！ diary_id:170了心心念念的国产游戏‘元神’，要爽飞了！这次旅行�,111
171,这是一条日记旅行十分愉快，这里太好玩了！ diary_id:171,57
172,写日记!这里太好玩了！旅行十分愉快，这里太好玩了！ diary_id:172,57
173,今天，我在这里玩到了心心念念的国产游戏‘元神’，要爽飞了！要爽飞了！ diary_id:173这里玩到了心心念念的国产游戏‘元神’，要爽飞了！要爽飞了�,30
174,今天，我在这里玩到了心心念念的国产游戏‘元神’，要爽飞了！这次旅行十分愉快！ diary_id:174了心心念念的国产游戏‘元神’，要爽飞了！这次旅行�,75
175,这是一条日记而且今天很开心！ diary_id:175,102
176,这是一条日记要爽飞了！ diary_id:176,78
177,今天，我在这里玩到了心心念念的国产游戏‘元神’，要爽飞了！这次旅行十分愉快！ diary_id:177了心心念念的国产游戏‘元神’，要爽飞了！这次旅行�,99
178,今天，我在这里玩到了心心念念的国产游戏‘元神’，要爽飞了！这里太好玩了！ diary_id:178玩到了心心念念的国产游戏‘元神’，要爽飞了！这里太好�,57
179,今天，我在这里玩到了心心念念的国产游戏‘元神’，要爽飞了！要爽飞了！ diary_id:179这里玩到了心心念念的国产游戏‘元神’，要爽飞了！要爽飞了�,96
180,写日记!今天，今天很开心！旅行十分愉快，这里太好玩了！ diary_id:180,57
181,写日记!这里太好玩了！这次旅行十分愉快！ diary_id:181,105
182,写日记!这里太好玩了！要爽飞了！ diary_id:182,87
183,这是一条日记而且今天很开心！ diary_id:183,93
184,这是一条日记这里太好玩了！ diary_id:184,36
185,写日记!今天，今天很开心！这里太好玩了！ diary_id:185,51
186,写日记!今天，今天很开心！这里太好玩了！ diary_id:186,60
187,写日记!这里太好玩了！这里太好玩了！ diary_id:187,102
188,这是一条日记而且今天很开心！ diary_id:188,48
189,这是一条日记这次旅行十分愉快！ diary_id:189,81
190,这是一条日记这里太好玩了！ diary_id:190,105
191,这是一条日记这里太好玩了！ diary_id:191,105
192,今天，我在这里玩到了心心念念的国产游戏‘元神’，要爽飞了！这次旅行十分愉快！ diary_id:192了心心念念的国产游戏‘元神’，要爽飞了！这次旅行�,75
193,写日记!这里太好玩了！而且今天很开心！ diary_id:193,78
194,写日记!今天，今天很开心！这里太好玩了！ diary_id:194,48
195,写日记!今天，今天很开心！这里太好玩了！ diary_id:195,27
196,今天，我在这里玩到了心心念念的国产游戏‘元神’，要爽飞了！这次旅行十分愉快！ diary_id:196了心心念念的国产游戏‘元神’，要爽飞了！这次旅行�,60
197,今天，我在这里玩到了心心念念的国产游戏‘元神’，要爽飞了！这里太好玩了！ diary_id:197玩到了心心念念的国产游戏‘元神’，要爽飞了！这里太好�,84
198,写日记!这里太好玩了！旅行十分愉快，这里太好玩了！ diary_id:198,108
199,写日记!今天，今天很开心！这次旅行十分愉快！ diary_id:199,24
200,这是一条日记要爽飞了！ diary_id:200,84
201,写日记!今天，今天很开心！这次旅行十分愉快！ diary_id:201,24
202,今天，我在这里玩到了心心念念的国产游戏‘元神’，要爽飞了！要爽飞了！ diary_id:202这里玩到了心心念念的国产游戏‘元神’，要爽飞了！要爽飞了�,117
203,这是一条日记要爽飞了！ diary_id:203,102
204,今天，我在这里玩到了心心念念的国产游戏‘元神’，要爽飞了！而且今天很开心！ diary_id:204到了心心念念的国产游戏‘元神’，要爽飞了！而且今天�,72
205,今天，我在这里玩到了心心念念的国产游戏‘元神’，要爽飞了！这里太好玩了！ diary_id:205玩到了心心念念的国产游戏‘元神’，要爽飞了！这里太好�,84
206,这是一条日记而且今天很开心！ diary_id:206,105
207,写日记!这里太好玩了！这次旅行十分愉快！ diary_id:207,93
208,写日记!今天，今天很开心！而且今天很开心！ diary_id:208,18
209,今天，我在这里玩到了心心念念的国产游戏‘元神’，要爽飞了！要爽飞了！ diary_id:209这里玩到了心心念念的国产游戏‘元神’，要爽飞了！要爽飞了�,108
210,今天，我在这里玩到了心心念念的国产游戏‘元神’，要爽飞了！旅行十分愉快，这里太好玩了！ diary_id:210的国产游戏‘元神’，要爽飞了！旅行十分�,93
211,这是一条日记旅行十分愉快，这里太好玩了！ diary_id:211,3
212,这是一条日记要爽飞了！ diary_id:212,111
213,写日记!今天，今天很开心！而且今天很开心！ diary_id:213,42
214,今天，我在这里玩到了心心念念的国产游戏‘元神’，要爽飞了！旅行十分愉快，这里太好玩了！ diary_id:214的国产游戏‘元神’，要爽飞了！旅行十分�,24
215,这是一条日记而且今天很开心！ diary_id:215,54
216,今天，我在这里玩到了心心念念的国产游戏‘元神’，要爽飞了！这次旅行十分愉快！ diary_id:216了心心念念的国产游戏‘元神’，要爽飞了！这次旅行�,39
217,写日记!这里太好玩了！这次旅行十分愉快！ diary_id:217,9
218,写日记!今天，今天很开心！而且今天很开心！ diary_id:218,33
219,这是一条日记而且今天很开心！ diary_id:219,24
220,这是一条日记旅行十分愉快，这里太好玩了！ diary_id:220,54
221,写日记!这里太好玩了！而且今天很开心！ diary_id:221,48
222,写日记!今天，今天很开心！要爽飞了！ diary_id:222,42
223,写日记!这里太好玩了！这次旅行十分愉快！ diary_id:223,99
224,写日记!这里太好玩了！这次旅行十分愉快！ diary_id:224,6
225,今天，我在这里玩到了心心念念的国产游戏‘元神’，要爽飞了！旅行十分愉快，这里太好玩了！ diary_id:225的国产游戏‘元神’，要爽飞了！旅行十分�,111
226,这是一条日记这次旅行十分愉快！ diary_id:226,48
227,今天，我在这里玩到了心心念念的国产游戏‘元神’，要爽飞了！而且今天很开心！ diary_id:227到了心心念念的国产游戏‘元神’，要爽飞了！而且今天�,105
228,今天，我在这里玩到了心心念念的国产游戏‘元神’，要爽飞了！这里太好玩了！ diary_id:228玩到了心心念念的国产游戏‘元神’，要爽飞了！这里太好�,81
229,写日记!今天，今天很开心！这次旅行十分愉快！ diary_id:229,60
230,这是一条日记要爽飞了！ diary_id:230,42
231,写日记!这里太好玩了！要爽飞了！ diary_id:231,21
232,这是一条日记而且今天很开心！ diary_id:232,27
233,写日记!这里太好玩了！而且今天很开心！ diary_id:233,63
234,这是一条日记这里太好玩了！ diary_id:234,0
235,这是一条日记旅行十分愉快，这里太好玩了！ diary_id:235,114
236,写日记!今天，今天很开心！而且今天很开心！ diary_id:236,66
237,这是一条日记而且今天很开心！ diary_id:237,3
238,这是一条日记而且今天很开心！ diary_id:238,36
239,写日记!今天，今天很开心！这里太好玩了！ diary_id:239,57
240,写日记!今天，今天很开心！要爽飞了！ diary_id:240,9
241,这是一条日记旅行十分愉快，这里太好玩了！ diary_id:241,15
242,这是一条日记而且今天很开心！ diary_id:242,99
243,写日记!这里太好玩了！这里太好玩了！ diary_id:243,105
244,写日记!今天，今天很开心！要爽飞了！ diary_id:244,66
245,写日记!今天，今天很开心！这里太好玩了！ diary_id:245,99
246,写日记!这里太好玩了！这里太好玩了！ diary_id:246,117
247,写日记!今天，今天很开心！这次旅行十分愉快！ diary_id:247,51
248,写日记!这里太好玩了！这次旅行十分愉快！ diary_id:248,87
249,今天，我在这里玩到了心心念念的国产游戏‘元神’，要爽飞了！旅行十分愉快，这里太好玩了！ diary_id:249的国产游戏‘元神’，要爽飞了！旅行十分�,3
250,写日记!今天，今天很开心！这次旅行十分愉快！ diary_id:250,15
251,今天，我在这里玩到了心心念念的国产游戏‘元神’，要爽飞了！要爽飞了！ diary_id:251这里玩到了心心念念的国产游戏‘元神’，要爽飞了！要爽飞了�,69
252,写日记!今天，今天很开心！旅行十分愉快，这里太好玩了！ diary_id:252,6
253,今天，我在这里玩到了心心念念的国产游戏‘元神’，要爽飞了！要爽飞了！ diary_id:253这里玩到了心心念念的国产游戏‘元神’，要爽飞了！要爽飞了�,9
254,写日记!今天，今天很开心！这次旅行十分愉快！ diary_id:254,81
255,今天，我在这里玩到了心心念念的国产游戏‘元神’，要爽飞了！要爽飞了！ diary_id:255这里玩到了心心念念的国产游戏‘元神’，要爽飞了！要爽飞了�,3
256,这是一条日记而且今天很开心！ diary_id:256,93
257,这是一条日记而且今天很开心！ diary_id:257,54
258,今天，我在这里玩到了心心念念的国产游戏‘元神’，要爽飞了！旅行十分愉快，这里太好玩了！ diary_id:258的国产游戏‘元神’，要爽飞了！旅行十分�,102
259,写日记!这里太好玩了！这里太好玩了！ diary_id:259,105
260,这是一条日记这里太好玩了！ diary_id:260,111
261,写日记!这里太好玩了！而且今天很开心！ diary_id:261,27
262,这是一条日记这次旅行十分愉快！ diary_id:262,27
263,今天，我在这里玩到了心心念念的国产游戏‘元神’，要爽飞了！这里太好玩了！ diary_id:263玩到了心心念念的国产游戏‘元神’，要爽飞了！这里太好�,90
264,今天，我在这里玩到了心心念念的国产游戏‘元神’，要爽飞了！要爽飞了！ diary_id:264这里玩到了心心念念的国产游戏‘元神’，要爽飞了！要爽飞了�,48
265,今天，我在这里玩到了心心念念的国产游戏‘元神’，要爽飞了！而且今天很开心！ diary_id:265到了心心念念的国产游戏‘元神’，要爽飞了！而且今天�,33
266,今天，我在这里玩到了心心念念的国产游戏‘元神’，要爽飞了！这次旅行十分愉快！ diary_id:266了心心念念的国产游戏‘元神’，要爽飞了！这次旅行�,99
267,这是一条日记而且今天很开心！ diary_id:267,111
268,这是一条日记要爽飞了！ diary_id:268,63
269,今天，我在这里玩到了心心念念的国产游戏‘元神’，要爽飞了！而且今天很开心！ diary_id:269到了心心念念的国产游戏‘元神’，要爽飞了！而且今天�,27
270,这是一条日记而且今天很开心！ diary_id:270,9
271,这是一条日记这里太好玩了！ diary_id:271,114
272,今天，我在这里玩到了心心念念的国产游戏‘元神’，要爽飞了！旅行十分愉快，这里太好玩了！ diary_id:272的国产游戏‘元神’，要爽飞了！旅行十分�,117
273,这是一条日记要爽飞了！ diary_id:273,111
274,这是一条日记旅行十分愉快，这里太好玩了！ diary_id:274,51
275,写日记!今天，今天很开心！而且今天很开心！ diary_id:275,69
276,今天，我在这里玩到了心心念念的国产游戏‘元神’，要爽飞了！而且今天很开心！ diary_id:276到了心心念念的国产游戏‘元神’，要爽飞了！而且今天�,42
277,写日记!这里太好玩了！要爽飞了！ diary_id:277,66
278,写日记!这里太好玩了！而且今天很开心！ diary_id:278,105
279,写日记!今天，今天很开心！旅行十分愉快，这里太好玩了！ diary_id:279,90
280,今天，我在这里玩到了心心念念的国产游戏‘元神’，要爽飞了！而且今天很开心！ diary_id:280到了心心念念的国产游戏‘元神’，要爽飞了！而且今天�,30
281,这是一条日记旅行十分愉快，这里太好玩了！ diary_id:281,36
282,写日记!今天，今天很开心！旅行十分愉快，这里太好玩了！ diary_id:282,33
283,今天，我在这里玩到了心心念念的国产游戏‘元神’，要爽飞了！旅行十分愉快，这里太好玩了！ diary_id:283的国产游戏‘元神’，要爽飞了！旅行十分�,63
284,这是一条日记而且今天很开心！ diary_id:284,21
285,今天，我在这里玩到了心心念念的国产游戏‘元神’，要爽飞了！而且今天很开心！ diary_id:285到了心心念念的国产游戏‘元神’，要爽飞了！而且今天�,18
286,这是一条日记而且今天很开心！ diary_id:286,81
287,写日记!这里太好玩了！这次旅行十分愉快！ diary_id:287,87
288,这是一条日记这次旅行十分愉快！ diary_id:288,99
289,今天，我在这里玩到了心心念念的国产游戏‘元神’，要爽飞了！这里太好玩了！ diary_id:289玩到了心心念念的国产游戏‘元神’，要爽飞了！这里太好�,75
290,写日记!这里太好玩了！这次旅行十分愉快！ diary_id:290,39
291,这是一条日记而且今天很开心！ diary_id:291,27
292,今天，我在这里玩到了心心念念的国产游戏‘元神’，要爽飞了！要爽飞了！ diary_id:292这里玩到了心心念念的国产游戏‘元神’，要爽飞了！要爽飞了�,54
293,今天，我在这里玩到了心心念念的国产游戏‘元神’，要爽飞了！旅行十分愉快，这里太好玩了！ diary_id:293的国产游戏‘元神’，要爽飞了！旅行十分�,60
294,这是一条日记旅行十分愉快，这里太好玩了！ diary_id:294,12
295,写日记!今天，今天很开心！要爽飞了！ diary_id:295,15
296,这是一条日记要爽飞了！ diary_id:296,51
297,写日记!今天，今天很开心！要爽飞了！ diary_id:297,99
298,今天，我在这里玩到了心心念念的国产游戏‘元神’，要爽飞了！要爽飞了！ diary_id:298这里玩到了心心念念的国产游戏‘元神’，要爽飞了！要爽飞了�,30
299,写日记!这里太好玩了！这次旅行十分愉快！ diary_id:299,96
300,写日记!这里太好玩了！而且今天很开心！ diary_id:300,90
301,今天，我在这里玩到了心心念念的国产游戏‘元神’，要爽飞了！这次旅行十分愉快！ diary_id:301了心心念念的国产游戏‘元神’，要爽飞了！这次旅行�,87
302,写日记!这里太好玩了！要爽飞了！ diary_id:302,51
303,写日记!这里太好玩了！这次旅行十分愉快！ diary_id:303,96
304,这是一条日记旅行十分愉快，这里太好玩了！ diary_id:304,60
305,这是一条日记而且今天很开心！ diary_id:305,81
306,写日记!今天，今天很开心！这次旅行十分愉快！ diary_id:306,66
307,这是一条日记这次旅行十分愉快！ diary_id:307,63
308,写日记!这里太好玩了！这里太好玩了！ diary_id:308,18
309,今天，我在这里玩到了心心念念的国产游戏‘元神’，要爽飞了！要爽飞了！ diary_id:309这里玩到了心心念念的国产游戏‘元神’，要爽飞了！要爽飞了�,111
310,今天，我在这里玩到了心心念念的国产游戏‘元神’，要爽飞了！而且今天很开心！ diary_id:310到了心心念念的国产游戏‘元神’，要爽飞了！而且今天�,105
311,这是一条日记这次旅行十分愉快！ diary_id:311,21
312,写日记!今天，今天很开心！旅行十分愉快，这里太好玩了！ diary_id:312,39
313,写日记!这里太好玩了！旅行十分愉快，这里太好玩了！ diary_id:313,33
314,这是一条日记而且今天很开心！ diary_id:314,36
315,写日记!今天，今天很开心！这里太好玩了！ diary_id:315,105
316,写日记!这里太好玩了！这次旅行十分愉快！ diary_id:316,75
317,这是一条日记这里太好玩了！ diary_id:317,99
318,这是一条日记这次旅行十分愉快！ diary_id:318,39
319,今天，我在这里玩到了心心念念的国产游戏‘元神’，要爽飞了！这次旅行十分愉快！ diary_id:319了心心念念的国产游戏‘元神’，要爽飞了！这次旅行�,57
320,写日记!今天，今天很开心！旅行十分愉快，这里太好玩了！ diary_id:320,66
321,写日记!今天，今天很开心！要爽飞了！ diary_id:321,57
322,今天，我在这里玩到了心心念念的国产游戏‘元神’，要爽飞了！旅行十分愉快，这里太好玩了！ diary_id:322的国产游戏‘元神’，要爽飞了！旅行十分�,6
323,写日记!今天，今天很开心！要爽飞了！ diary_id:323,87
324,写日记!这里太好玩了！而且今天很开心！ diary_id:324,54
325,今天，我在这里玩到了心心念念的国产游戏‘元神’，要爽飞了！要爽飞了！ diary_id:325这里玩到了心心念念的国产游戏‘元神’，要爽飞了！要爽飞了�,60
326,这是一条日记要爽飞了！ diary_id:326,117
327,这是一条日记这次旅行十分愉快！ diary_id:327,18
328,写日记!今天，今天很开心！要爽飞了！ diary_id:328,60
329,这是一条日记要爽飞了！ diary_id:329,69
330,今天，我在这里玩到了心心念念的国产游戏‘元神’，要爽飞了！这里太好玩了！ diary_id:330玩到了心心念念的国产游戏‘元神’，要爽飞了！这里太好�,30
331,这是一条日记这里太好玩了！ diary_id:331,117
332,这是一条日记旅行十分愉快，这里太好玩了！ diary_id:332,69
333,写日记!这里太好玩了！这里太好玩了！ diary_id:333,84
334,今天，我在这里玩到了心心念念的国产游戏‘元神’，要爽飞了！要爽飞了！ diary_id:334这里玩到了心心念念的国产游戏‘元神’，要爽飞了！要爽飞了�,18
335,这是一条日记这里太好玩了！ diary_id:335,0
336,这是一条日记而且今天很开心！ diary_id:336,72
337,今天，我在这里玩到了心心念念的国产游戏‘元神’，要爽飞了！这次旅行十分愉快！ diary_id:337了心心念念的国产游戏‘元神’，要爽飞了！这次旅行�,93
338,这是一条日记这次旅行十分愉快！ diary_id:338,75
339,这是一条日记这次旅行十分愉快！ diary_id:339,60
340,这是一条日记要爽飞了！ diary_id:340,12
341,今天，我在这里玩到了心心念念的国产游戏‘元神’，要爽飞了！而且今天很开心！ diary_id:341到了心心念念的国产游戏‘元神’，要爽飞了！而且今天�,60
342,这是一条日记这里太好玩了！ diary_id:342,72
343,这是一条日记要爽飞了！ diary_id:343,111
344,写日记!这里太好玩了！而且今天很开心！ diary_id:344,66
345,写日记!今天，今天很开心！这里太好玩了！ diary_id:345,21
346,这是一条日记而且今天很开心！ diary_id:346,3
347,今天，我在这里玩到了心心念念的国产游戏‘元神’，要爽飞了！而且今天很开心！ diary_id:347到了心心念念的国产游戏‘元神’，要爽飞了！而且今天�,51
348,写日记!今天，今天很开心！这里太好玩了！ diary_id:348,72
349,写日记!今天，今天很开心！而且今天很开心！ diary_id:349,54
350,写日记!今天，今天很开心！这里太好玩了！ diary_id:350,78
351,写日记!这里太好玩了！而且今天很开心！ diary_id:351,36
352,今天，我在这里玩到了心心念念的国产游戏‘元神’，要爽飞了！旅行十分愉快，这里太好玩了！ diary_id:352的国产游戏‘元神’，要爽飞了！旅行十分�,24
353,今天，我在这里玩到了心心念念的国产游戏‘元神’，要爽飞了！要爽飞了！ diary_id:353这里玩到了心心念念的国产游戏‘元神’，要爽飞了！要爽飞了�,96
354,写日记!这里太好玩了！这次旅行十分愉快！ diary_id:354,75
355,写日记!今天，今天很开心！这次旅行十分愉快！ diary_id:355,18
356,今天，我在这里玩到了心心念念的国产游戏‘元神’，要爽飞了！这次旅行十分愉快！ diary_id:356了心心念念的国产游戏‘元神’，要爽飞了！这次旅行�,63
357,今天，我在这里玩到了心心念念的国产游戏‘元神’，要爽飞了！这次旅行十分愉快！ diary_id:357了心心念念的国产游戏‘元神’，要爽飞了！这次旅行�,75
358,今天，我在这里玩到了心心念念的国产游戏‘元神’，要爽飞了！这里太好玩了！ diary_id:358玩到了心心念念的国产游戏‘元神’，要爽飞了！这里太好�,57
359,这是一条日记而且今天很开心！ diary_id:359,21
360,今天，我在这里玩到了心心念念的国产游戏‘元神’，要爽飞了！而且今天很开心！ diary_id:360到了心心念念的国产游戏‘元神’，要爽飞了！而且今天�,30
361,今天，我在这里玩到了心心念念的国产游戏‘元神’，要爽飞了！旅行十分愉快，这里太好玩了！ diary_id:361的国产游戏‘元神’，要爽飞了！旅行十分�,63
362,今天，我在这里玩到了心心念念的国产游戏‘元神’，要爽飞了！这里太好玩了！ diary_id:362玩到了心心念念的国产游戏‘元神’，要爽飞了！这里太好�,75
363,写日记!今天，今天很开心！旅行十分愉快，这里太好玩了！ diary_id:363,102
364,写日记!今天，今天很开心！要爽飞了！ diary_id:364,30
365,写日记!这里太好玩了！而且今天很开心！ diary_id:365,42
366,写日记!这里太好玩了！而且今天很开心！ diary_id:366,99
367,今天，我在这里玩到了心心念念的国产游戏‘元神’，要爽飞了！要爽飞了！ diary_id:367这里玩到了心心念念的国产游戏‘元神’，要爽飞了！要爽飞了�,24
368,写日记!今天，今天很开心！旅行十分愉快，这里太好玩了！ diary_id:368,63
369,这是一条日记旅行十分愉快，这里太好玩了！ diary_id:369,99
370,今天，我在这里玩到了心心念念的国产游戏‘元神’，要爽飞了！这次旅行十分愉快！ diary_id:370了心心念念的国产游戏‘元神’，要爽飞了！这次旅行�,27
371,写日记!这里太好玩了！而且今天很开心！ diary_id:371,18
372,这是一条日记这次旅行十分愉快！ diary_id:372,30
373,这是一条日记这次旅行十分愉快！ diary_id:373,39
374,写日记!今天，今天很开心！要爽飞了！ diary_id:374,99
375,写日记!今天，今天很开心！而且今天很开心！ diary_id:375,48
376,这是一条日记要爽飞了！ diary_id:376,66
377,这是一条日记这次旅行十分愉快！ diary_id:377,90
378,今天，我在这里玩到了心心念念的国产游戏‘元神’，要爽飞了！要爽飞了！ diary_id:378这里玩到了心心念念的国产游戏‘元神’，要爽飞了！要爽飞了�,78
379,写日记!今天，今天很开心！而且今天很开心！ diary_id:379,114
380,这是一条日记旅行十分愉快，这里太好玩了！ diary_id:380,12
381,写日记!这里太好玩了！要爽飞了！ diary_id:381,105
382,今天，我在这里玩到了心心念念的国产游戏‘元神’，要爽飞了！这次旅行十分愉快！ diary_id:382了心心念念的国产游戏‘元神’，要爽飞了！这次旅行�,27
383,写日记!今天，今天很开心！而且今天很开心！ diary_id:383,24
384,写日记!这里太好玩了！而且今天很开心！ diary_id:384,15
385,这是一条日记要爽飞了！ diary_id:385,66
386,写日记!这里太好玩了！要爽飞了！ diary_id:386,3
387,写日记!这里太好玩了！而且今天很开心！ diary_id:387,90
388,写日记!今天，今天很开心！这里太好玩了！ diary_id:388,57
389,写日记!这里太好玩了！要爽飞了！ diary_id:389,105
390,今天，我在这里玩到了心心念念的国产游戏‘元神’，要爽飞了！旅行十分愉快，这里太好玩了！ diary_id:390的国产游戏‘元神’，要爽飞了！旅行十分�,48
391,写日记!这里太好玩了！这里太好玩了！ diary_id:391,54
392,今天，我在这里玩到了心心念念的国产游戏‘元神’，要爽飞了！这里太好玩了！ diary_id:392玩到了心心念念的国产游戏‘元神’，要爽飞了！这里太好�,75
393,这是一条日记这次旅行十分愉快！ diary_id:393,108
394,这是一条日记旅行十分愉快，这里太好玩了！ diary_id:394,27
395,今天，我在这里玩到了心心念念的国产游戏‘元神’，要爽飞了！而且今天很开心！ diary_id:395到了心心念念的国产游戏‘元神’，要爽飞了！而且今天�,51
396,今天，我在这里玩到了心心念念的国产游戏‘元神’，要爽飞了！这里太好玩了！ diary_id:396玩到了心心念念的国产游戏‘元神’，要爽飞了！这里太好�,15
397,写日记!这里太好玩了！要爽飞了！ diary_id:397,108
398,这是一条日记要爽飞了！ diary_id:398,6
399,这是一条日记要爽飞了！ diary_id:399,66
400,写日记!今天，今天很开心！旅行十分愉快，这里太好玩了！ diary_id:400,99
401,写日记!今天，今天很开心！这次旅行十分愉快！ diary_id:401,78
402,今天，我在这里玩到了心心念念的国产游戏‘元神’，要爽飞了！而且今天很开心！ diary_id:402到了心心念念的国产游戏‘元神’，要爽飞了！而且今天�,69
403,写日记!今天，今天很开心！要爽飞了！ diary_id:403,99
404,写日记!今天，今天很开心！这里太好玩了！ diary_id:404,117
405,今天，我在这里玩到了心心念念的国产游戏‘元神’，要爽飞了！而且今天很开心！ diary_id:405到了心心念念的国产游戏‘元神’，要爽飞了！而且今天�,93
406,这是一条日记而且今天很开心！ diary_id:406,117
407,写日记!这里太好玩了！这里太好玩了！ diary_id:407,0
408,这是一条日记而且今天很开心！ diary_id:408,57
409,这是一条日记要爽飞了！ diary_id:409,30
410,今天，我在这里玩到了心心念念的国产游戏‘元神’，要爽飞了！这里太好玩了！ diary_id:410玩到了心心念念的国产游戏‘元神’，要爽飞了！这里太好�,90
411,今天，我在这里玩到了心心念念的国产游戏‘元神’，要爽飞了！这里太好玩了！ diary_id:411玩到了心心念念的国产游戏‘元神’，要爽飞了！这里太好�,60
412,今天，我在这里玩到了心心念念的国产游戏‘元神’，要爽飞了！这次旅行十分愉快！ diary_id:412了心心念念的国产游戏‘元神’，要爽飞了！这次旅行�,39
413,写日记!这里太好玩了！这次旅行十分愉快！ diary_id:413,81
414,这是一条日记要爽飞了！ diary_id:414,81
415,今天，我在这里玩到了心心念念的国产游戏‘元神’，要爽飞了！要爽飞了！ diary_id:415这里玩到了心心念念的国产游戏‘元神’，要爽飞了！要爽飞了�,42
416,写日记!今天，今天很开心！旅行十分愉快，这里太好玩了！ diary_id:416,93
417,今天，我在这里玩到了心心念念的国产游戏‘元神’，要爽飞了！这里太好玩了！ diary_id:417玩到了心心念念的国产游戏‘元神’，要爽飞了！这里太好�,117
418,这是一条日记而且今天很开心！ diary_id:418,81
419,这是一条日记这次旅行十分愉快！ diary_id:419,33
420,写日记!这里太好玩了！旅行十分愉快，这里太好玩了！ diary_id:420,60
421,写日记!今天，今天很开心！这次旅行十分愉快！ diary_id:421,9
422,这是一条日记要爽飞了！ diary_id:422,63
423,今天，我在这里玩到了心心念念的国产游戏‘元神’，要爽飞了！而且今天很开心！ diary_id:423到了心心念念的国产游戏‘元神’，要爽飞了！而且今天�,39
424,写日记!今天，今天很开心！而且今天很开心！ diary_id:424,57
425,这是一条日记这里太好玩了！ diary_id:425,108
426,这是一条日记要爽飞了！ diary_id:426,24
427,今天，我在这里玩到了心心念念的国产游戏‘元神’，要爽飞了！旅行十分愉快，这里太好玩了！ diary_id:427的国产游戏‘元神’，要爽飞了！旅行十分�,81
428,这是一条日记这次旅行十分愉快！ diary_id:428,78
429,这是一条日记要爽飞了！ diary_id:429,39
430,今天，我在这里玩到了心心念念的国产游戏‘元神’，要爽飞了！这次旅行十分愉快！ diary_id:430了心心念念的国产游戏‘元神’，要爽飞了！这次旅行�,54
431,写日记!今天，今天很开心！要爽飞了！ diary_id:431,81
432,这是一条日记这里太好玩了！ diary_id:432,114
433,写日记!这里太好玩了！要爽飞了！ diary_id:433,27
434,写日记!这里太好玩了！旅行十分愉快，这里太好玩了！ diary_id:434,30
435,这是一条日记这次旅行十分愉快！ diary_id:435,90
436,这是一条日记这次旅行十分愉快！ diary_id:436,30
437,这是一条日记而且今天很开心！ diary_id:437,33
438,今天，我在这里玩到了心心念念的国产游戏‘元神’，要爽飞了！要爽飞了！ diary_id:438这里玩到了心心念念的国产游戏‘元神’，要爽飞了！要爽飞了�,6
439,这是一条日记旅行十分愉快，这里太好玩了！ diary_id:439,108
440,这是一条日记旅行十分愉快，这里太好玩了！ diary_id:440,117
441,写日记!今天，今天很开心！这次旅行十分愉快！ diary_id:441,33
442,写日记!今天，今天很开心！而且今天很开心！ diary_id:442,39
443,写日记!这里太好玩了！这里太好玩了！ diary_id:443,99
444,这是一条日记这里太好玩了！ diary_id:444,105
445,写日记!今天，今天很开心！这次旅行十分愉快！ diary_id:445,33
446,这是一条日记这次旅行十分愉快！ diary_id:446,24
447,写日记!今天，今天很开心！这次旅行十分愉快！ diary_id:447,24
448,写日记!这里太好玩了！旅行十分愉快，这里太好玩了！ diary_id:448,63
449,这是一条日记这里太好玩了！ diary_id:449,54
450,这是一条日记这里太好玩了！ diary_id:450,90
451,写日记!今天，今天很开心！要爽飞了！ diary_id:451,114
452,今天，我在这里玩到了心心念念的国产游戏‘元神’，要爽飞了！而且今天很开心！ diary_id:452到了心心念念的国产游戏‘元神’，要爽飞了！而且今天�,72
453,写日记!这里太好玩了！这里太好玩了！ diary_id:453,0
454,写日记!今天，今天很开心！这里太好玩了！ diary_id:454,57
455,今天，我在这里玩到了心心念念的国产游戏‘元神’，要爽飞了！而且今天很开心！ diary_id:455到了心心念念的国产游戏‘元神’，要爽飞了！而且今天�,99
456,写日记!今天，今天很开心！旅行十分愉快，这里太好玩了！ diary_id:456,42
457,这是一条日记这次旅行十分愉快！ diary_id:457,81
458,写日记!今天，今天很开心！而且今天很开心！ diary_id:458,114
459,这是一条日记旅行十分愉快，这里太好玩了！ diary_id:459,75
460,写日记!今天，今天很开心！这次旅行十分愉快！ diary_id:460,96
461,这是一条日记这里太好玩了！ diary_id:461,75
462,今天，我在这里玩到了心心念念的国产游戏‘元神’，要爽飞了！要爽飞了！ diary_id:462这里玩到了心心念念的国产游戏‘元神’，要爽飞了！要爽飞了�,27
463,这是一条日记旅行十分愉快，这里太好玩了！ diary_id:463,117
464,今天，我在这里玩到了心心念念的国产游戏‘元神’，要爽飞了！这里太好玩了！ diary_id:464玩到了心心念念的国产游戏‘元神’，要爽飞了！这里太好�,81
465,写日记!这里太好玩了！这里太好玩了！ diary_id:465,66
466,这是一条日记而且今天很开心！ diary_id:466,105
467,写日记!这里太好玩了！这次旅行十分愉快！ diary_id:467,39
468,这是一条日记要爽飞了！ diary_id:468,87
469,这是一条日记这里太好玩了！ diary_id:469,69
470,写日记!这里太好玩了！要爽飞了！ diary_id:470,51
471,写日记!今天，今天很开心！这次旅行十分愉快！ diary_id:471,87
472,这是一条日记而且今天很开心！ diary_id:472,0
473,今天，我在这里玩到了心心念念的国产游戏‘元神’，要爽飞了！这次旅行十分愉快！ diary_id:473了心心念念的国产游戏‘元神’，要爽飞了！这次旅行�,117
474,这是一条日记而且今天很开心！ diary_id:474,48
475,这是一条日记而且今天很开心！ diary_id:475,114
476,今天，我在这里玩到了心心念念的国产游戏‘元神’，要爽飞了！要爽飞了！ diary_id:476这里玩到了心心念念的国产游戏‘元神’，要爽飞了！要爽飞了�,117
477,这是一条日记这次旅行十分愉快！ diary_id:477,78
478,写日记!这里太好玩了！这里太好玩了！ diary_id:478,93
479,这是一条日记要爽飞了！ diary_id:479,60
480,这是一条日记这里太好玩了！ diary_id:480,45
481,这是一条日记这次旅行十分愉快！ diary_id:481,24
482,这是一条日记旅行十分愉快，这里太好玩了！ diary_id:482,81
483,写日记!这里太好玩了！而且今天很开心！ diary_id:483,18
484,今天，我在这里玩到了心心念念的国产游戏‘元神’，要爽飞了！旅行十分愉快，这里太好玩了！ diary_id:484的国产游戏‘元神’，要爽飞了！旅行十分�,117
485,这是一条日记要爽飞了！ diary_id:485,105
486,今天，我在这里玩到了心心念念的国产游戏‘元神’，要爽飞了！这里太好玩了！ diary_id:486玩到了心心念念的国产游戏‘元神’，要爽飞了！这里太好�,102
487,这是一条日记而且今天很开心！ diary_id:487,87
488,今天，我在这里玩到了心心念念的国产游戏‘元神’，要爽飞了！而且今天很开心！ diary_id:488到了心心念念的国产游戏‘元神’，要爽飞了！而且今天�,12
489,今天，我在这里玩到了心心念念的国产游戏‘元神’，要爽飞了！而且今天很开心！ diary_id:489到了心心念念的国产游戏‘元神’，要爽飞了！而且今天�,33
490,这是一条日记这里太好玩了！ diary_id:490,84
491,这是一条日记这次旅行十分愉快！ diary_id:491,9
492,写日记!这里太好玩了！要爽飞了！ diary_id:492,117
493,今天，我在这里玩到了心心念念的国产游戏‘元神’，要爽飞了！旅行十分愉快，这里太好玩了！ diary_id:493的国产游戏‘元神’，要爽飞了！旅行十分�,24
494,这是一条日记这次旅行十分愉快！ diary_id:494,45
495,这是一条日记要爽飞了！ diary_id:495,54
496,写日记!这里太好玩了！这次旅行十分愉快！ diary_id:496,48
497,今天，我在这里玩到了心心念念的国产游戏‘元神’，要爽飞了！旅行十分愉快，这里太好玩了！ diary_id:497的国产游戏‘元神’，要爽飞了！旅行十分�,78
498,今天，我在这里玩到了心心念念的国产游戏‘元神’，要爽飞了！要爽飞了！ diary_id:498这里玩到了心心念念的国产游戏‘元神’，要爽飞了！要爽飞了�,78
499,这是一条日记旅行十分愉快，这里太好玩了！ diary_id:499,42
500,这是一条日记这里太好玩了！ diary_id:500,93
501,今天，我在这里玩到了心心念念的国产游戏‘元神’，要爽飞了！而且今天很开心！ diary_id:501到了心心念念的国产游戏‘元神’，要爽飞了！而且今天�,39
502,这是一条日记这里太好玩了！ diary_id:502,111
503,写日记!今天，今天很开心！这次旅行十分愉快！ diary_id:503,108
504,写日记!这里太好玩了！旅行十分愉快，这里太好玩了！ diary_id:504,96
505,这是一条日记要爽飞了！ diary_id:505,72
506,今天，我在这里玩到了心心念念的国产游戏‘元神’，要爽飞了！而且今天很开心！ diary_id:506到了心心念念的国产游戏‘元神’，要爽飞了！而且今天�,93
507,写日记!这里太好玩了！要爽飞了！ diary_id:507,33
508,这是一条日记这里太好玩了！ diary_id:508,117
509,这是一条日记这里太好玩了！ diary_id:509,0
510,写日记!今天，今天很开心！要爽飞了！ diary_id:510,96
511,这是一条日记旅行十分愉快，这里太好玩了！ diary_id:511,33
512,写日记!这里太好玩了！要爽飞了！ diary_id:512,111
513,这是一条日记而且今天很开心！ diary_id:513,117
514,这是一条日记这次旅行十分愉快！ diary_id:514,27
515,写日记!今天，今天很开心！而且今天很开心！ diary_id:515,63
516,这是一条日记这里太好玩了！ diary_id:516,6
517,这是一条日记这次旅行十分愉快！ diary_id:517,6
518,写日记!这里太好玩了！这里太好玩了！ diary_id:518,3
519,写日记!今天，今天很开心！旅行十分愉快，这里太好玩了！ diary_id:519,9
520,这是一条日记这次旅行十分愉快！ diary_id:520,9
521,这是一条日记要爽飞了！ diary_id:521,105
522,写日记!这里太好玩了！这次旅行十分愉快！ diary_id:522,51
523,写日记!今天，今天很开心！而且今天很开心！ diary_id:523,51
524,今天，我在这里玩到了心心念念的国产游戏‘元神’，要爽飞了！而且今天很开心！ diary_id:524到了心心念念的国产游戏‘元神’，要爽飞了！而且今天�,18
525,这是一条日记而且今天很开心！ diary_id:525,105
526,写日记!这里太好玩了！这次旅行十分愉快！ diary_id:526,102
527,这是一条日记旅行十分愉快，这里太好玩了！ diary_id:527,105
528,这是一条日记旅行十分愉快，这里太好玩了！ diary_id:528,39
529,写日记!今天，今天很开心！而且今天很开心！ diary_id:529,84
530,今天，我在这里玩到了心心念念的国产游戏‘元神’，要爽飞了！要爽飞了！ diary_id:530这里玩到了心心念念的国产游戏‘元神’，要爽飞了！要爽飞了�,114
531,今天，我在这里玩到了心心念念的国产游戏‘元神’，要爽飞了！要爽飞了！ diary_id:531这里玩到了心心念念的国产游戏‘元神’，要爽飞了！要爽飞了�,0
532,这是一条日记而且今天很开心！ diary_id:532,24
533,写日记!这里太好玩了！而且今天很开心！ diary_id:533,63
534,今天，我在这里玩到了心心念念的国产游戏‘元神’，要爽飞了！要爽飞了！ diary_id:534这里玩到了心心念念的国产游戏‘元神’，要爽飞了！要爽飞了�,39
535,写日记!这里太好玩了！这里太好玩了！ diary_id:535,114
536,这是一条日记这次旅行十分愉快！ diary_id:536,87
537,这是一条日记要爽飞了！ diary_id:537,90
538,这是一条日记而且今天很开心！ diary_id:538,3
539,这是一条日记旅行十分愉快，这里太好玩了！ diary_id:539,48
540,写日记!今天，今天很开心！而且今天很开心！ diary_id:540,108
541,这是一条日记而且今天很开心！ diary_id:541,15
542,这是一条日记要爽飞了！ diary_id:542,12
543,写日记!今天，今天很开心！旅行十分愉快，这里太好玩了！ diary_id:543,87
544,这是一条日记旅行十分愉快，这里太好玩了！ diary_id:544,93
545,这是一条日记而且今天很开心！ diary_id:545,51
546,写日记!这里太好玩了！要爽飞了！ diary_id:546,75
547,写日记!这里太好玩了！这次旅行十分愉快！ diary_id:547,75
548,写日记!这里太好玩了！而且今天很开心！ diary_id:548,117
549,写日记!今天，今天很开心！要爽飞了！ diary_id:549,72
550,这是一条日记要爽飞了！ diary_id:550,24
551,这是一条日记旅行十分愉快，这里太好玩了！ diary_id:551,75
552,这是一条日记而且今天很开心！ diary_id:552,15
553,写日记!今天，今天很开心！要爽飞了！ diary_id:553,57
554,这是一条日记旅行十分愉快，这里太好玩了！ diary_id:554,114
555,写日记!今天，今天很开心！而且今天很开心！ diary_id:555,57
556,这是一条日记要爽飞了！ diary_id:556,117
557,写日记!今天，今天很开心！这里太好玩了！ diary_id:557,75
558,写日记!今天，今天很开心！旅行十分愉快，这里太好玩了！ diary_id:558,63
559,写日记!今天，今天很开心！要爽飞了！ diary_id:559,57
560,写日记!今天，今天很开心！而且今天很开心！ diary_id:560,102
561,这是一条日记这次旅行十分愉快！ diary_id:561,84
562,写日记!今天，今天很开心！而且今天很开心！ diary_id:562,72
563,写日记!今天，今天很开心！这里太好玩了！ diary_id:563,12
564,这是一条日记这里太好玩了！ diary_id:564,24
565,写日记!今天，今天很开心！要爽飞了！ diary_id:565,18
566,这是一条日记要爽飞了！ diary_id:566,30
567,今天，我在这里玩到了心心念念的国产游戏‘元神’，要爽飞了！而且今天很开心！ diary_id:567到了心心念念的国产游戏‘元神’，要爽飞了！而且今天�,66
568,写日记!今天，今天很开心！要爽飞了！ diary_id:568,75
569,这是一条日记旅行十分愉快，这里太好玩了！ diary_id:569,69
570,今天，我在这里玩到了心心念念的国产游戏‘元神’，要爽飞了！要爽飞了！ diary_id:570这里玩到了心心念念的国产游戏‘元神’，要爽飞了！要爽飞了�,117
571,写日记!今天，今天很开心！这里太好玩了！ diary_id:571,108
572,写日记!这里太好玩了！要爽飞了！ diary_id:572,21
573,今天，我在这里玩到了心心念念的国产游戏‘元神’，要爽飞了！旅行十分愉快，这里太好玩了！ diary_id:573的国产游戏‘元神’，要爽飞了！旅行十分�,30
574,写日记!这里太好玩了！这里太好玩了！ diary_id:574,9
575,写日记!这里太好玩了！而且今天很开心！ diary_id:575,99
576,今天，我在这里玩到了心心念念的国产游戏‘元神’，要爽飞了！要爽飞了！ diary_id:576这里玩到了心心念念的国产游戏‘元神’，要爽飞了！要爽飞了�,39
577,这是一条日记旅行十分愉快，这里太好玩了！ diary_id:577,42
578,这是一条日记这次旅行十分愉快！ diary_id:578,30
579,写日记!这里太好玩了！这次旅行十分愉快！ diary_id:579,12
580,这是一条日记要爽飞了！ diary_id:580,72
581,今天，我在这里玩到了心心念念的国产游戏‘元神’，要爽飞了！这次旅行十分愉快！ diary_id:581了心心念念的国产游戏‘元神’，要爽飞了！这次旅行�,54
582,今天，我在这里玩到了心心念念的国产游戏‘元神’，要爽飞了！旅行十分愉快，这里太好玩了！ diary_id:582的国产游戏‘元神’，要爽飞了！旅行十分�,48
583,今天，我在这里玩到了心心念念的国产游戏‘元神’，要爽飞了！旅行十分愉快，这里太好玩了！ diary_id:583的国产游戏‘元神’，要爽飞了！旅行十分�,0
584,这是一条日记这里太好玩了！ diary_id:584,3
585,今天，我在这里玩到了心心念念的国产游戏‘元神’，要爽飞了！这次旅行十分愉快！ diary_id:585了心心念念的国产游戏‘元神’，要爽飞了！这次旅行�,108
586,写日记!今天，今天很开心！要爽飞了！ diary_id:586,9
587,写日记!这里太好玩了！这次旅行十分愉快！ diary_id:587,96
588,今天，我在这里玩到了心心念念的国产游戏‘元神’，要爽飞了！旅行十分愉快，这里太好玩了！ diary_id:588的国产游戏‘元神’，要爽飞了！旅行十分�,99
589,写日记!这里太好玩了！而且今天很开心！ diary_id:589,57
590,写日记!这里太好玩了！旅行十分愉快，这里太好玩了！ diary_id:590,18
591,这是一条日记而且今天很开心！ diary_id:591,6
592,这是一条日记旅行十分愉快，这里太好玩了！ diary_id:592,45
593,写日记!这里太好玩了！而且今天很开心！ diary_id:593,102
594,写日记!这里太好玩了！要爽飞了！ diary_id:594,93
595,写日记!这里太好玩了！这次旅行十分愉快！ diary_id:595,57
596,这是一条日记旅行十分愉快，这里太好玩了！ diary_id:596,18
597,今天，我在这里玩到了心心念念的国产游戏‘元神’，要爽飞了！旅行十分愉快，这里太好玩了！ diary_id:597的国产游戏‘元神’，要爽飞了！旅行十分�,48
598,写日记!今天，今天很开心！而且今天很开心！ diary_id:598,33
599,这是一条日记而且今天很开心！ diary_id:599,57
600,这是一条日记这里太好玩了！ diary_id:600,33
601,这是一条日记这次旅行十分愉快！ diary_id:601,39
602,这是一条日记这里太好玩了！ diary_id:602,75
603,今天，我在这里玩到了心心念念的国产游戏‘元神’，要爽飞了！而且今天很开心！ diary_id:603到了心心念念的国产游戏‘元神’，要爽飞了！而且今天�,99
604,写日记!这里太好玩了！这里太好玩了！ diary_id:604,66
605,写日记!这里太好玩了！而且今天很开心！ diary_id:605,114
606,这是一条日记这次旅行十分愉快！ diary_id:606,84
607,这是一条日记旅行十分愉快，这里太好玩了！ diary_id:607,75
608,今天，我在这里玩到了心心念念的国产游戏‘元神’，要爽飞了！要爽飞了！ diary_id:608这里玩到了心心念念的国产游戏‘元神’，要爽飞了！要爽飞了�,21
609,今天，我在这里玩到了心心念念的国产游戏‘元神’，要爽飞了！旅行十分愉快，这里太好玩了！ diary_id:609的国产游戏‘元神’，要爽飞了！旅行十分�,87
610,今天，我在这里玩到了心心念念的国产游戏‘元神’，要爽飞了！旅行十分愉快，这里太好玩了！ diary_id:610的国产游戏‘元神’，要爽飞了！旅行十分�,111
611,这是一条日记旅行十分愉快，这里太好玩了！ diary_id:611,84
612,今天，我在这里玩到了心心念念的国产游戏‘元神’，要爽飞了！这次旅行十分愉快！ diary_id:612了心心念念的国产游戏‘元神’，要爽飞了！这次旅行�,9
613,这是一条日记要爽飞了！ diary_id:613,6
614,这是一条日记而且今天很开心！ diary_id:614,75
615,这是一条日记这次旅行十分愉快！ diary_id:615,48
616,写日记!这里太好玩了！这次旅行十分愉快！ diary_id:616,117
617,写日记!今天，今天很开心！要爽飞了！ diary_id:617,39
618,写日记!这里太好玩了！这里太好玩了！ diary_id:618,21
619,写日记!这里太好玩了！而且今天很开心！ diary_id:619,3
620,写日记!这里太好玩了！旅行十分愉快，这里太好玩了！ diary_id:620,84
621,这是一条日记而且今天很开心！ diary_id:621,24
622,这是一条日记而且今天很开心！ diary_id:622,114
623,写日记!这里太好玩了！而且今天很开心！ diary_id:623,24
624,写日记!今天，今天很开心！而且今天很开心！ diary_id:624,84
625,写日记!这里太好玩了！旅行十分愉快，这里太好玩了！ diary_id:625,93
626,这是一条日记旅行十分愉快，这里太好玩了！ diary_id:626,12
627,今天，我在这里玩到了心心念念的国产游戏‘元神’，要爽飞了！要爽飞了！ diary_id:627这里玩到了心心念念的国产游戏‘元神’，要爽飞了！要爽飞了�,30
628,写日记!这里太好玩了！要爽飞了！ diary_id:628,63
629,这是一条日记旅行十分愉快，这里太好玩了！ diary_id:629,33
630,这是一条日记要爽飞了！ diary_id:630,51
631,写日记!这里太好玩了！旅行十分愉快，这里太好玩了！ diary_id:631,108
632,写日记!这里太好玩了！而且今天很开心！ diary_id:632,105
633,这是一条日记而且今天很开心！ diary_id:633,117
634,这是一条日记这次旅行十分愉快！ diary_id:634,42
635,今天，我在这里玩到了心心念念的国产游戏‘元神’，要爽飞了！旅行十分愉快，这里太好玩了！ diary_id:635的国产游戏‘元神’，要爽飞了！旅行十分�,15
636,这是一条日记而且今天很开心！ diary_id:636,9
637,写日记!这里太好玩了！旅行十分愉快，这里太好玩了！ diary_id:637,78
638,这是一条日记要爽飞了！ diary_id:638,0
639,这是一条日记旅行十分愉快，这里太好玩了！ diary_id:639,81
640,这是一条日记这次旅行十分愉快！ diary_id:640,87
641,这是一条日记这次旅行十分愉快！ diary_id:641,114
642,这是一条日记要爽飞了！ diary_id:642,6
643,这是一条日记旅行十分愉快，这里太好玩了！ diary_id:643,6
644,这是一条日记而且今天很开心！ diary_id:644,30
645,写日记!这里太好玩了！这里太好玩了！ diary_id:645,117
646,写日记!今天，今天很开心！旅行十分愉快，这里太好玩了！ diary_id:646,54
647,今天，我在这里玩到了心心念念的国产游戏‘元神’，要爽飞了！这里太好玩了！ diary_id:647玩到了心心念念的国产游戏‘元神’，要爽飞了！这里太好�,99
648,这是一条日记这里太好玩了！ diary_id:648,66
649,写日记!今天，今天很开心！这里太好玩了！ diary_id:649,66
650,写日记!今天，今天很开心！要爽飞了！ diary_id:650,81
651,这是一条日记这里太好玩了！ diary_id:651,42
652,这是一条日记这次旅行十分愉快！ diary_id:652,72
653,写日记!这里太好玩了！要爽飞了！ diary_id:653,0
654,写日记!今天，今天很开心！而且今天很开心！ diary_id:654,60
655,写日记!今天，今天很开心！要爽飞了！ diary_id:655,87
656,今天，我在这里玩到了心心念念的国产游戏‘元神’，要爽飞了！要爽飞了！ diary_id:656这里玩到了心心念念的国产游戏‘元神’，要爽飞了！要爽飞了�,27
657,写日记!今天，今天很开心！这里太好玩了！ diary_id:657,78
658,今天，我在这里玩到了心心念念的国产游戏‘元神’，要爽飞了！这里太好玩了！ diary_id:658玩到了心心念念的国产游戏‘元神’，要爽飞了！这里太好�,18
659,今天，我在这里玩到了心心念念的国产游戏‘元神’，要爽飞了！这次旅行十分愉快！ diary_id:659了心心念念的国产游戏‘元神’，要爽飞了！这次旅行�,108
660,写日记!今天，今天很开心！这里太好玩了！ diary_id:660,54
661,写日记!今天，今天很开心！要爽飞了！ diary_id:661,96
662,这是一条日记这次旅行十分愉快！ diary_id:662,36
663,今天，我在这里玩到了心心念念的国产游戏‘元神’，要爽飞了！旅行十分愉快，这里太好玩了！ diary_id:663的国产游戏‘元神’，要爽飞了！旅行十分�,30
664,写日记!这里太好玩了！要爽飞了！ diary_id:664,27
665,写日记!这里太好玩了！而且今天很开心！ diary_id:665,114
666,这是一条日记这次旅行十分愉快！ diary_id:666,42
667,写日记!这里太好玩了！旅行十分愉快，这里太好玩了！ diary_id:667,75
668,写日记!这里太好玩了！这次旅行十分愉快！ diary_id:668,108
669,写日记!今天，今天很开心！这次旅行十分愉快！ diary_id:669,87
670,写日记!这里太好玩了！旅行十分愉快，这里太好玩了！ diary_id:670,69
671,写日记!今天，今天很开心！这次旅行十分愉快！ diary_id:671,24
672,写日记!今天，今天很开心！这次旅行十分愉快！ diary_id:672,21
673,这是一条日记这次旅行十分愉快！ diary_id:673,99
674,写日记!这里太好玩了！这次旅行十分愉快！ diary_id:674,96
675,这是一条日记旅行十分愉快，这里太好玩了！ diary_id:675,111
676,这是一条日记而且今天很开心！ diary_id:676,105
677,这是一条日记要爽飞了！ diary_id:677,75
678,今天，我在这里玩到了心心念念的国产游戏‘元神’，要爽飞了！这里太好玩了！ diary_id:678玩到了心心念念的国产游戏‘元神’，要爽飞了！这里太好�,84
679,写日记!这里太好玩了！而且今天很开心！ diary_id:679,9
680,这是一条日记这里太好玩了！ diary_id:680,0
681,写日记!这里太好玩了！要爽飞了！ diary_id:681,72
682,这是一条日记要爽飞了！ diary_id:682,114
683,今天，我在这里玩到了心心念念的国产游戏‘元神’，要爽飞了！而且今天很开心！ diary_id:683到了心心念念的国产游戏‘元神’，要爽飞了！而且今天�,21
684,写日记!这里太好玩了！这里太好玩了！ diary_id:684,114
685,这是一条日记这里太好玩了！ diary_id:685,81
686,今天，我在这里玩到了心心念念的国产游戏‘元神’，要爽飞了！这里太好玩了！ diary_id:686玩到了心心念念的国产游戏‘元神’，要爽飞了！这里太好�,96
687,写日记!今天，今天很开心！旅行十分愉快，这里太好玩了！ diary_id:687,99
688,这是一条日记要爽飞了！ diary_id:688,114
689,写日记!这里太好玩了！要爽飞了！ diary_id:689,12
690,这是一条日记要爽飞了！ diary_id:690,18
691,这是一条日记而且今天很开心！ diary_id:691,96
692,这是一条日记要爽飞了！ diary_id:692,114
693,这是一条日记这次旅行十分愉快！ diary_id:693,114
694,写日记!今天，今天很开心！这里太好玩了！ diary_id:694,81
695,这是一条日记而且今天很开心！ diary_id:695,111
696,这是一条日记这次旅行十分愉快！ diary_id:696,87
697,今天，我在这里玩到了心心念念的国产游戏‘元神’，要爽飞了！要爽飞了！ diary_id:697这里玩到了心心念念的国产游戏‘元神’，要爽飞了！要爽飞了�,27
698,今天，我在这里玩到了心心念念的国产游戏‘元神’，要爽飞了！这里太好玩了！ diary_id:698玩到了心心念念的国产游戏‘元神’，要爽飞了！这里太好�,6
699,写日记!这里太好玩了！要爽飞了！ diary_id:699,87
700,写日记!今天，今天很开心！这次旅行十分愉快！ diary_id:700,57
701,这是一条日记旅行十分愉快，这里太好玩了！ diary_id:701,45
702,这是一条日记旅行十分愉快，这里太好玩了！ diary_id:702,48
703,今天，我在这里玩到了心心念念的国产游戏‘元神’，要爽飞了！这次旅行十分愉快！ diary_id:703了心心念念的国产游戏‘元神’，要爽飞了！这次旅行�,0
704,今天，我在这里玩到了心心念念的国产游戏‘元神’，要爽飞了！要爽飞了！ diary_id:704这里玩到了心心念念的国产游戏‘元神’，要爽飞了！要爽飞了�,63
705,这是一条日记这里太好玩了！ diary_id:705,117
706,这是一条日记而且今天很开心！ diary_id:706,48
707,写日记!这里太好玩了！这里太好玩了！ diary_id:707,21
708,写日记!今天，今天很开心！要爽飞了！ diary_id:708,96
709,今天，我在这里玩到了心心念念的国产游戏‘元神’，要爽飞了！这里太好玩了！ diary_id:709玩到了心心念念的国产游戏‘元神’，要爽飞了！这里太好�,75
710,写日记!这里太好玩了！这里太好玩了！ diary_id:710,69
711,写日记!这里太好玩了！旅行十分愉快，这里太好玩了！ diary_id:711,63
712,写日记!今天，今天很开心！这里太好玩了！ diary_id:712,84
713,写日记!今天，今天很开心！而且今天很开心！ diary_id:713,30
714,写日记!今天，今天很开心！而且今天很开心！ diary_id:714,99
715,写日记!这里太好玩了！而且今天很开心！ diary_id:715,60
716,今天，我在这里玩到了心心念念的国产游戏‘元神’，要爽飞了！这次旅行十分愉快！ diary_id:716了心心念念的国产游戏‘元神’，要爽飞了！这次旅行�,12
717,这是一条日记这里太好玩了！ diary_id:717,102
718,今天，我在这里玩到了心心念念的国产游戏‘元神’，要爽飞了！这里太好玩了！ diary_id:718玩到了心心念念的国产游戏‘元神’，要爽飞了！这里太好�,108
719,写日记!这里太好玩了！而且今天很开心！ diary_id:719,81
720,写日记!这里太好玩了！旅行十分愉快，这里太好玩了！ diary_id:720,57
721,写日记!今天，今天很开心！而且今天很开心！ diary_id:721,36
722,写日记!今天，今天很开心！而且今天很开心！ diary_id:722,108
723,写日记!今天，今天很开心！这次旅行十分愉快！ diary_id:723,111
724,这是一条日记这里太好玩了！ diary_id:724,27
725,今天，我在这里玩到了心心念念的国产游戏‘元神’，要爽飞了！这次旅行十分愉快！ diary_id:725了心心念念的国产游戏‘元神’，要爽飞了！这次旅行�,111
726,这是一条日记而且今天很开心！ diary_id:726,21
727,这是一条日记而且今天很开心！ diary_id:727,111
728,这是一条日记旅行十分愉快，这里太好玩了！ diary_id:728,45
729,这是一条日记而且今天很开心！ diary_id:729,24
730,写日记!这里太好玩了！而且今天很开心！ diary_id:730,102
731,写日记!这里太好玩了！这里太好玩了！ diary_id:731,24
732,今天，我在这里玩到了心心念念的国产游戏‘元神’，要爽飞了！这里太好玩了！ diary_id:732玩到了心心念念的国产游戏‘元神’，要爽飞了！这里太好�,93
733,写日记!今天，今天很开心！而且今天很开心！ diary_id:733,24
734,这是一条日记而且今天很开心！ diary_id:734,33
735,今天，我在这里玩到了心心念念的国产游戏‘元神’，要爽飞了！要爽飞了！ diary_id:735这里玩到了心心念念的国产游戏‘元神’，要爽飞了！要爽飞了�,9
736,这是一条日记而且今天很开心！ diary_id:736,72
737,今天，我在这里玩到了心心念念的国产游戏‘元神’，要爽飞了！这里太好玩了！ diary_id:737玩到了心心念念的国产游戏‘元神’，要爽飞了！这里太好�,117
738,今天，我在这里玩到了心心念念的国产游戏‘元神’，要爽飞了！而且今天很开心！ diary_id:738到了心心念念的国产游戏‘元神’，要爽飞了！而且今天�,51
739,这是一条日记这次旅行十分愉快！ diary_id:739,114
740,这是一条日记旅行十分愉快，这里太好玩了！ diary_id:740,0
741,写日记!这里太好玩了！要爽飞了！ diary_id:741,18
742,这是一条日记而且今天很开心！ diary_id:742,30
743,写日记!这里太好玩了！而且今天很开心！ diary_id:743,24
744,这是一条日记这里太好玩了！ diary_id:744,105
745,这是一条日记而且今天很开心！ diary_id:745,36
746,写日记!今天，今天很开心！要爽飞了！ diary_id:746,36
747,今天，我在这里玩到了心心念念的国产游戏‘元神’，要爽飞了！而且今天很开心！ diary_id:747到了心心念念的国产游戏‘元神’，要爽飞了！而且今天�,60
748,这是一条日记这次旅行十分愉快！ diary_id:748,57
749,写日记!今天，今天很开心！旅行十分愉快，这里太好玩了！ diary_id:749,60
750,今天，我在这里玩到了心心念念的国产游戏‘元神’，要爽飞了！这次旅行十分愉快！ diary_id:750了心心念念的国产游戏‘元神’，要爽飞了！这次旅行�,87
751,写日记!这里太好玩了！这次旅行十分愉快！ diary_id:751,12
752,写日记!今天，今天很开心！而且今天很开心！ diary_id:752,3
753,今天，我在这里玩到了心心念念的国产游戏‘元神’，要爽飞了！要爽飞了！ diary_id:753这里玩到了心心念念的国产游戏‘元神’，要爽飞了！要爽飞了�,102
754,这是一条日记旅行十分愉快，这里太好玩了！ diary_id:754,117
755,写日记!这里太好玩了！这里太好玩了！ diary_id:755,12
756,今天，我在这里玩到了心心念念的国产游戏‘元神’，要爽飞了！而且今天很开心！ diary_id:756到了心心念念的国产游戏‘元神’，要爽飞了！而且今天�,33
757,这是一条日记而且今天很开心！ diary_id:757,18
758,写日记!这里太好玩了！旅行十分愉快，这里太好玩了！ diary_id:758,117
759,今天，我在这里玩到了心心念念的国产游戏‘元神’，要爽飞了！这次旅行十分愉快！ diary_id:759了心心念念的国产游戏‘元神’，要爽飞了！这次旅行�,6
760,写日记!这里太好玩了！旅行十分愉快，这里太好玩了！ diary_id:760,117
761,这是一条日记旅行十分愉快，这里太好玩了！ diary_id:761,81
762,这是一条日记旅行十分愉快，这里太好玩了！ diary_id:762,87
763,这是一条日记旅行十分愉快，这里太好玩了！ diary_id:763,9
764,这是一条日记这里太好玩了！ diary_id:764,48
765,这是一条日记旅行十分愉快，这里太好玩了！ diary_id:765,51
766,今天，我在这里玩到了心心念念的国产游戏‘元神’，要爽飞了！这里太好玩了！ diary_id:766玩到了心心念念的国产游戏‘元神’，要爽飞了！这里太好�,3
767,今天，我在这里玩到了心心念念的国产游戏‘元神’，要爽飞了！这里太好玩了！ diary_id:767玩到了心心念念的国产游戏‘元神’，要爽飞了！这里太好�,75
768,写日记!今天，今天很开心！这里太好玩了！ diary_id:768,90
769,写日记!这里太好玩了！这次旅行十分愉快！ diary_id:769,27
770,写日记!今天，今天很开心！旅行十分愉快，这里太好玩了！ diary_id:770,36
771,写日记!今天，今天很开心！这次旅行十分愉快！ diary_id:771,81
772,这是一条日记这里太好玩了！ diary_id:772,81
773,这是一条日记这里太好玩了！ diary_id:773,0
774,这是一条日记这里太好玩了！ diary_id:774,39
775,写日记!今天，今天很开心！而且今天很开心！ diary_id:775,108
776,写日记!今天，今天很开心！而且今天很开心！ diary_id:776,9
777,今天，我在这里玩到了心心念念的国产游戏‘元神’，要爽飞了！这里太好玩了！ diary_id:777玩到了心心念念的国产游戏‘元神’，要爽飞了！这里太好�,117
778,写日记!这里太好玩了！要爽飞了！ diary_id:778,42
779,今天，我在这里玩到了心心念念的国产游戏‘元神’，要爽飞了！旅行十分愉快，这里太好玩了！ diary_id:779的国产游戏‘元神’，要爽飞了！旅行十分�,99
780,今天，我在这里玩到了心心念念的国产游戏‘元神’，要爽飞了！旅行十分愉快，这里太好玩了！ diary_id:780的国产游戏‘元神’，要爽飞了！旅行十分�,105
781,这是一条日记而且今天很开心！ diary_id:781,51
782,今天，我在这里玩到了心心念念的国产游戏‘元神’，要爽飞了！而且今天很开心！ diary_id:782到了心心念念的国产游戏‘元神’，要爽飞了！而且今天�,114
783,写日记!这里太好玩了！而且今天很开心！ diary_id:783,84
784,写日记!今天，今天很开心！而且今天很开心！ diary_id:784,42
785,写日记!今天，今天很开心！而且今天很开心！ diary_id:785,114
786,今天，我在这里玩到了心心念念的国产游戏‘元神’，要爽飞了！旅行十分愉快，这里太好玩了！ diary_id:786的国产游戏‘元神’，要爽飞了！旅行十分�,72
787,这是一条日记旅行十分愉快，这里太好玩了！ diary_id:787,63
788,写日记!这里太好玩了！而且今天很开心！ diary_id:788,87
789,写日记!今天，今天很开心！这里太好玩了！ diary_id:789,117
790,今天，我在这里玩到了心心念念的国产游戏‘元神’，要爽飞了！而且今天很开心！ diary_id:790到了心心念念的国产游戏‘元神’，要爽飞了！而且今天�,36
791,这是一条日记这里太好玩了！ diary_id:791,57
792,写日记!这里太好玩了！这里太好玩了！ diary_id:792,39
793,写日记!今天，今天很开心！要爽飞了！ diary_id:793,105
794,写日记!今天，今天很开心！要爽飞了！ diary_id:794,60
795,这是一条日记这里太好玩了！ diary_id:795,93
796,这是一条日记而且今天很开心！ diary_id:796,39
797,写日记!这里太好玩了！要爽飞了！ diary_id:797,3
798,写日记!今天，今天很开心！这次旅行十分愉快！ diary_id:798,54
799,写日记!这里太好玩了！这里太好玩了！ diary_id:799,3
800,这是一条日记这里太好玩了！ diary_id:800,48
801,写日记!这里太好玩了！要爽飞了！ diary_id:801,87
802,写日记!今天，今天很开心！而且今天很开心！ diary_id:802,3
803,写日记!今天，今天很开心！这次旅行十分愉快！ diary_id:803,90
804,写日记!这里太好玩了！这里太好玩了！ diary_id:804,51
805,这是一条日记这次旅行十分愉快！ diary_id:805,21
806,这是一条日记这里太好玩了！ diary_id:806,27
807,写日记!这里太好玩了！这里太好玩了！ diary_id:807,75
808,今天，我在这里玩到了心心念念的国产游戏‘元神’，要爽飞了！旅行十分愉快，这里太好玩了！ diary_id:808的国产游戏‘元神’，要爽飞了！旅行十分�,39
809,这是一条日记要爽飞了！ diary_id:809,54
810,写日记!今天，今天很开心！要爽飞了！ diary_id:810,21
811,今天，我在这里玩到了心心念念的国产游戏‘元神’，要爽飞了！这次旅行十分愉快！ diary_id:811了心心念念的国产游戏‘元神’，要爽飞了！这次旅行�,99
812,写日记!这里太好玩了！这里太好玩了！ diary_id:812,63
813,今天，我在这里玩到了心心念念的国产游戏‘元神’，要爽飞了！这里太好玩了！ diary_id:813玩到了心心念念的国产游戏‘元神’，要爽飞了！这里太好�,30
814,今天，我在这里玩到了心心念念的国产游戏‘元神’，要爽飞了！而且今天很开心！ diary_id:814到了心心念念的国产游戏‘元神’，要爽飞了！而且今天�,111
815,这是一条日记这里太好玩了！ diary_id:815,57
816,写日记!今天，今天很开心！而且今天很开心！ diary_id:816,12
817,这是一条日记这里太好玩了！ diary_id:817,99
818,今天，我在这里玩到了心心念念的国产游戏‘元神’，要爽飞了！而且今天很开心！ diary_id:818到了心心念念的国产游戏‘元神’，要爽飞了！而且今天�,66
819,这是一条日记要爽飞了！ diary_id:819,0
820,这是一条日记旅行十分愉快，这里太好玩了！ diary_id:820,87
821,写日记!今天，今天很开心！要爽飞了！ diary_id:821,33
822,写日记!这里太好玩了！这里太好玩了！ diary_id:822,63
823,这是一条日记这次旅行十分愉快！ diary_id:823,99
824,写日记!这里太好玩了！旅行十分愉快，这里太好玩了！ diary_id:824,51
825,今天，我在这里玩到了心心念念的国产游戏‘元神’，要爽飞了！要爽飞了！ diary_id:825这里玩到了心心念念的国产游戏‘元神’，要爽飞了！要爽飞了�,69
826,这是一条日记要爽飞了！ diary_id:826,42
827,这是一条日记这次旅行十分愉快！ diary_id:827,78
828,这是一条日记这里太好玩了！ diary_id:828,24
829,今天，我在这里玩到了心心念念的国产游戏‘元神’，要爽飞了！这次旅行十分愉快！ diary_id:829了心心念念的国产游戏‘元神’，要爽飞了！这次旅行�,72
830,这是一条日记旅行十分愉快，这里太好玩了！ diary_id:830,87
831,这是一条日记旅行十分愉快，这里太好玩了！ diary_id:831,108
832,写日记!今天，今天很开心！这里太好玩了！ diary_id:832,45
833,今天，我在这里玩到了心心念念的国产游戏‘元神’，要爽飞了！旅行十分愉快，这里太好玩了！ diary_id:833的国产游戏‘元神’，要爽飞了！旅行十分�,60
834,今天，我在这里玩到了心心念念的国产游戏‘元神’，要爽飞了！这次旅行十分愉快！ diary_id:834了心心念念的国产游戏‘元神’，要爽飞了！这次旅行�,69
835,写日记!这里太好玩了！这次旅行十分愉快！ diary_id:835,21
836,写日记!这里太好玩了！这里太好玩了！ diary_id:836,3
837,今天，我在这里玩到了心心念念的国产游戏‘元神’，要爽飞了！旅行十分愉快，这里太好玩了！ diary_id:837的国产游戏‘元神’，要爽飞了！旅行十分�,60
838,这是一条日记要爽飞了！ diary_id:838,18
839,这是一条日记要爽飞了！ diary_id:839,117
840,这是一条日记这里太好玩了！ diary_id:840,75
841,这是一条日记这次旅行十分愉快！ diary_id:841,111
842,写日记!这里太好玩了！这里太好玩了！ diary_id:842,48
843,写日记!今天，今天很开心！旅行十分愉快，这里太好玩了！ diary_id:843,87
844,写日记!这里太好玩了！这里太好玩了！ diary_id:844,69
845,这是一条日记这里太好玩了！ diary_id:845,90
846,写日记!这里太好玩了！这次旅行十分愉快！ diary_id:846,54
847,这是一条日记这里太好玩了！ diary_id:847,96
848,这是一条日记这次旅行十分愉快！ diary_id:848,99
849,今天，我在这里玩到了心心念念的国产游戏‘元神’，要爽飞了！这里太好玩了！ diary_id:849玩到了心心念念的国产游戏‘元神’，要爽飞了！这里太好�,78
850,今天，我在这里玩到了心心念念的国产游戏‘元神’，要爽飞了！这里太好玩了！ diary_id:850玩到了心心念念的国产游戏‘元神’，要爽飞了！这里太好�,78
851,这是一条日记这里太好玩了！ diary_id:851,87
852,今天，我在这里玩到了心心念念的国产游戏‘元神’，要爽飞了！旅行十分愉快，这里太好玩了！ diary_id:852的国产游戏‘元神’，要爽飞了！旅行十分�,15
853,写日记!这里太好玩了！这里太好玩了！ diary_id:853,69
854,写日记!今天，今天很开心！这次旅行十分愉快！ diary_id:854,9
855,写日记!今天，今天很开心！而且今天很开心！ diary_id:855,84
856,写日记!今天，今天很开心！而且今天很开心！ diary_id:856,84
857,写日记!今天，今天很开心！要爽飞了！ diary_id:857,21
858,这是一条日记而且今天很开心！ diary_id:858,36
859,今天，我在这里玩到了心心念念的国产游戏‘元神’，要爽飞了！要爽飞了！ diary_id:859这里玩到了心心念念的国产游戏‘元神’，要爽飞了！要爽飞了�,87
860,写日记!今天，今天很开心！旅行十分愉快，这里太好玩了！ diary_id:860,48
861,这是一条日记这次旅行十分愉快！ diary_id:861,45
862,写日记!今天，今天很开心！这次旅行十分愉快！ diary_id:862,57
863,今天，我在这里玩到了心心念念的国产游戏‘元神’，要爽飞了！而且今天很开心！ diary_id:863到了心心念念的国产游戏‘元神’，要爽飞了！而且今天�,102
864,这是一条日记而且今天很开心！ diary_id:864,51
865,这是一条日记旅行十分愉快，这里太好玩了！ diary_id:865,66
866,今天，我在这里玩到了心心念念的国产游戏‘元神’，要爽飞了！要爽飞了！ diary_id:866这里玩到了心心念念的国产游戏‘元神’，要爽飞了！要爽飞了�,114
867,写日记!这里太好玩了！要爽飞了！ diary_id:867,87
868,写日记!这里太好玩了！这里太好玩了！ diary_id:868,63
869,写日记!这里太好玩了！这里太好玩了！ diary_id:869,90
870,写日记!这里太好玩了！这里太好玩了！ diary_id:870,57
871,这是一条日记这里太好玩了！ diary_id:871,87
872,这是一条日记而且今天很开心！ diary_id:872,69
873,这是一条日记这里太好玩了！ diary_id:873,99
874,这是一条日记而且今天很开心！ diary_id:874,51
875,写日记!这里太好玩了！而且今天很开心！ diary_id:875,108
876,这是一条日记这里太好玩了！ diary_id:876,81
877,这是一条日记而且今天很开心！ diary_id:877,87
878,这是一条日记而且今天很开心！ diary_id:878,42
879,写日记!这里太好玩了！这次旅行十分愉快！ diary_id:879,15
880,今天，我在这里玩到了心心念念的国产游戏‘元神’，要爽飞了！这次旅行十分愉快！ diary_id:880了心心念念的国产游戏‘元神’，要爽飞了！这次旅行�,45
881,这是一条日记要爽飞了！ diary_id:881,6
882,写日记!这里太好玩了！旅行十分愉快，这里太好玩了！ diary_id:882,9
883,今天，我在这里玩到了心心念念的国产游戏‘元神’，要爽飞了！旅行十分愉快，这里太好玩了！ diary_id:883的国产游戏‘元神’，要爽飞了！旅行十分�,81
884,写日记!这里太好玩了！这里太好玩了！ diary_id:884,33
885,今天，我在这里玩到了心心念念的国产游戏‘元神’，要爽飞了！这次旅行十分愉快！ diary_id:885了心心念念的国产游戏‘元神’，要爽飞了！这次旅行�,111
886,写日记!今天，今天很开心！这里太好玩了！ diary_id:886,111
887,今天，我在这里玩到了心心念念的国产游戏‘元神’，要爽飞了！这次旅行十分愉快！ diary_id:887了心心念念的国产游戏‘元神’，要爽飞了！这次旅行�,108
888,这是一条日记这里太好玩了！ diary_id:888,36
889,写日记!今天，今天很开心！要爽飞了！ diary_id:889,12
890,今天，我在这里玩到了心心念念的国产游戏‘元神’，要爽飞了！旅行十分愉快，这里太好玩了！ diary_id:890的国产游戏‘元神’，要爽飞了！旅行十分�,18
891,这是一条日记这里太好玩了！ diary_id:891,45
892,写日记!今天，今天很开心！旅行十分愉快，这里太好玩了！ diary_id:892,15
893,这是一条日记这里太好玩了！ diary_id:893,15
894,写日记!今天，今天很开心！要爽飞了！ diary_id:894,81
895,这是一条日记旅行十分愉快，这里太好玩了！ diary_id:895,57
896,今天，我在这里玩到了心心念念的国产游戏‘元神’，要爽飞了！而且今天很开心！ diary_id:896到了心心念念的国产游戏‘元神’，要爽飞了！而且今天�,72
897,写日记!今天，今天很开心！而且今天很开心！ diary_id:897,75
898,这是一条日记这次旅行十分愉快！ diary_id:898,69
899,写日记!今天，今天很开心！要爽飞了！ diary_id:899,6
900,这是一条日记旅行十分愉快，这里太好玩了！ diary_id:900,63
901,这是一条日记旅行十分愉快，这里太好玩了！ diary_id:901,90
902,这是一条日记旅行十分愉快，这里太好玩了！ diary_id:902,99
903,今天，我在这里玩到了心心念念的国产游戏‘元神’，要爽飞了！这次旅行十分愉快！ diary_id:903了心心念念的国产游戏‘元神’，要爽飞了！这次旅行�,108
904,今天，我在这里玩到了心心念念的国产游戏‘元神’，要爽飞了！这次旅行十分愉快！ diary_id:904了心心念念的国产游戏‘元神’，要爽飞了！这次旅行�,0
905,今天，我在这里玩到了心心念念的国产游戏‘元神’，要爽飞了！这里太好玩了！ diary_id:905玩到了心心念念的国产游戏‘元神’，要爽飞了！这里太好�,15
906,写日记!今天，今天很开心！要爽飞了！ diary_id:906,27
907,这是一条日记而且今天很开心！ diary_id:907,48
908,今天，我在这里玩到了心心念念的国产游戏‘元神’，要爽飞了！这次旅行十分愉快！ diary_id:908了心心念念的国产游戏‘元神’，要爽飞了！这次旅行�,93
909,写日记!这里太好玩了！这里太好玩了！ diary_id:909,96
910,写日记!这里太好玩了！旅行十分愉快，这里太好玩了！ diary_id:910,3
911,这是一条日记旅行十分愉快，这里太好玩了！ diary_id:911,96
912,写日记!今天，今天很开心！而且今天很开心！ diary_id:912,108
913,写日记!这里太好玩了！这次旅行十分愉快！ diary_id:913,69
914,今天，我在这里玩到了心心念念的国产游戏‘元神’，要爽飞了！这里太好玩了！ diary_id:914玩到了心心念念的国产游戏‘元神’，要爽飞了！这里太好�,54
915,今天，我在这里玩到了心心念念的国产游戏‘元神’，要爽飞了！要爽飞了！ diary_id:915这里玩到了心心念念的国产游戏‘元神’，要爽飞了！要爽飞了�,12
916,这是一条日记要爽飞了！ diary_id:916,27
917,这是一条日记这次旅行十分愉快！ diary_id:917,108
918,写日记!今天，今天很开心！要爽飞了！ diary_id:918,108
919,写日记!这里太好玩了！这次旅行十分愉快！ diary_id:919,75
920,这是一条日记这次旅行十分愉快！ diary_id:920,30
921,这是一条日记要爽飞了！ diary_id:921,87
922,这是一条日记旅行十分愉快，这里太好玩了！ diary_id:922,9
923,写日记!这里太好玩了！要爽飞了！ diary_id:923,54
924,今天，我在这里玩到了心心念念的国产游戏‘元神’，要爽飞了！旅行十分愉快，这里太好玩了！ diary_id:924的国产游戏‘元神’，要爽飞了！旅行十分�,24
925,写日记!今天，今天很开心！这次旅行十分愉快！ diary_id:925,54
926,今天，我在这里玩到了心心念念的国产游戏‘元神’，要爽飞了！这里太好玩了！ diary_id:926玩到了心心念念的国产游戏‘元神’，要爽飞了！这里太好�,42
927,写日记!今天，今天很开心！这里太好玩了！ diary_id:927,45
928,写日记!今天，今天很开心！这里太好玩了！ diary_id:928,57
929,这是一条日记这次旅行十分愉快！ diary_id:929,117
930,写日记!这里太好玩了！而且今天很开心！ diary_id:930,6
931,今天，我在这里玩到了心心念念的国产游戏‘元神’，要爽飞了！这里太好玩了！ diary_id:931玩到了心心念念的国产游戏‘元神’，要爽飞了！这里太好�,12
932,写日记!今天，今天很开心！这次旅行十分愉快！ diary_id:932,45
933,这是一条日记这次旅行十分愉快！ diary_id:933,9
934,这是一条日记这里太好玩了！ diary_id:934,69
935,写日记!这里太好玩了！旅行十分愉快，这里太好玩了！ diary_id:935,63
936,写日记!今天，今天很开心！这里太好玩了！ diary_id:936,54
937,今天，我在这里玩到了心心念念的国产游戏‘元神’，要爽飞了！要爽飞了！ diary_id:937这里玩到了心心念念的国产游戏‘元神’，要爽飞了！要爽飞了�,27
938,写日记!这里太好玩了！要爽飞了！ diary_id:938,99
939,写日记!这里太好玩了！而且今天很开心！ diary_id:939,21
940,这是一条日记要爽飞了！ diary_id:940,111
941,写日记!今天，今天很开心！旅行十分愉快，这里太好玩了！ diary_id:941,42
942,写日记!这里太好玩了！而且今天很开心！ diary_id:942,6
943,这是一条日记这里太好玩了！ diary_id:943,6
944,这是一条日记要爽飞了！ diary_id:944,6
945,写日记!今天，今天很开心！要爽飞了！ diary_id:945,81
946,这是一条日记这里太好玩了！ diary_id:946,90
947,这是一条日记要爽飞了！ diary_id:947,42
948,这是一条日记而且今天很开心！ diary_id:948,39
949,写日记!今天，今天很开心！要爽飞了！ diary_id:949,39
950,写日记!这里太好玩了！而且今天很开心！ diary_id:950,96
951,今天，我在这里玩到了心心念念的国产游戏‘元神’，要爽飞了！而且今天很开心！ diary_id:951到了心心念念的国产游戏‘元神’，要爽飞了！而且今天�,6
952,今天，我在这里玩到了心心念念的国产游戏‘元神’，要爽飞了！这次旅行十分愉快！ diary_id:952了心心念念的国产游戏‘元神’，要爽飞了！这次旅行�,45
953,写日记!这里太好玩了！旅行十分愉快，这里太好玩了！ diary_id:953,81
954,这是一条日记旅行十分愉快，这里太好玩了！ diary_id:954,57
955,写日记!这里太好玩了！要爽飞了！ diary_id:955,60
956,写日记!这里太好玩了！旅行十分愉快，这里太好玩了！ diary_id:956,45
957,这是一条日记要爽飞了！ diary_id:957,114
958,写日记!今天，今天很开心！旅行十分愉快，这里太好玩了！ diary_id:958,60
959,这是一条日记旅行十分愉快，这里太好玩了！ diary_id:959,87
960,今天，我在这里玩到了心心念念的国产游戏‘元神’，要爽飞了！这里太好玩了！ diary_id:960玩到了心心念念的国产游戏‘元神’，要爽飞了！这里太好�,51
961,这是一条日记而且今天很开心！ diary_id:961,21
962,写日记!今天，今天很开心！旅行十分愉快，这里太好玩了！ diary_id:962,90
963,这是一条日记而且今天很开心！ diary_id:963,12
964,这是一条日记而且今天很开心！ diary_id:964,108
